10
n1
n2
n3
n4
n5
n6
n7
n8
n9
n10
1 3 5 7 9 2 4 6 8 10
3 4 9 5 7 8 2 10 1 6
5 6 2 9 3 4 8 7 10 1
7 8 4 2 5 6 10 1 3 9
9 10 6 4 2 5 1 3 7 8
2 1 8 6 4 10 3 5 9 7
4 5 10 8 6 1 7 9 2 3
6 7 1 10 8 3 9 2 5 4
8 9 3 1 10 7 5 4 6 2
10 2 7 3 1 9 6 8 4 5
p1
p2
p3
p4
p5
p6
p7
p8
p9
p10
2 4 6 8 10 1 3 5 7 9 
1 3 5 7 9 2 4 6 8 10
6 8 10 1 3 5 7 9 2 4
10 2 4 9 7 3 5 1 6 8
5 1 2 3 4 10 6 8 9 7
7 5 1 10 6 4 9 8 3 2
9 7 8 5 1 6 2 4 10 3
3 9 10 7 5 8 1 2 4 6
8 6 3 9 2 7 4 10 5 1
4 10 7 6 8 9 2 3 1 5